[Documentation]
information1 = This file stores the OID assignments for resources defined in this IG.
information2 = It must be added to git and committed when resources are added or their id is changed
information3 = You should not generally need to edit this file, but if you do:
information4 = (a) you can change the id of a resource (left side) if you change it's actual id in your source, to maintain OID consistency
information5 = (b) you can change the oid of the resource to an OID you assign manually. If you really know what you're doing with OIDs
information6 = There is never a reason to edit anything else

[Key]
CodeSystem = 1
ValueSet = 2
StructureDefinition = 5
CapabilityStatement = 5
Library = 3
Measure = 2

[CodeSystem]
healthcare-capacity-codes = 2.25.316204395913842452684237438142819890580.16.1

[ValueSet]
ach-encounter-class = 2.25.316204395913842452684237438142819890580.48.1
ach-encounter-status = 2.25.316204395913842452684237438142819890580.48.2

[StructureDefinition]
nhsn-measurereport-bundle = 2.25.316204395913842452684237438142819890580.42.1
nhsn-submitting-device = 2.25.316204395913842452684237438142819890580.42.2
nhsn-submitting-organization = 2.25.316204395913842452684237438142819890580.42.3
poi-list = 2.25.316204395913842452684237438142819890580.42.4
nhsn-measure-bundle = 2.25.316204395913842452684237438142819890580.42.5

[CapabilityStatement]
NHSNCapabilityStatementDataAggregator = 2.25.316204395913842452684237438142819890580.13.1
NHSNCapabilityStatementDataSource = 2.25.316204395913842452684237438142819890580.13.2
NHSNCapabilityStatementEvaluationEngine = 2.25.316204395913842452684237438142819890580.13.3
NHSNCapabilityStatementMeasureReportRecipient = 2.25.316204395913842452684237438142819890580.13.4
NHSNCapabilityStatementMeasureSource = 2.25.316204395913842452684237438142819890580.13.5

[Library]
BedCapacityMeasureLibrary = 2.25.316204395913842452684237438142819890580.28.1
NHSNdQMAcuteCareHospitalInitialPopulationLibrary = 2.25.316204395913842452684237438142819890580.28.2
effective-data-requirements = 2.25.316204395913842452684237438142819890580.28.3

[Measure]
BedCapacityMeasure = 2.25.316204395913842452684237438142819890580.29.1
NHSNdQMAcuteCareHospitalInitialPopulation = 2.25.316204395913842452684237438142819890580.29.2

